5 47334 206521 406480
5 36694 226256 406480
5 38802 201368 406480
5 37110 202629 406480
5 37376 209814 406480
10 37607 203957 456480
10 54483 199688 456480
10 36798 202218 456480
10 35896 200457 456480
10 38860 246774 456480
15 39256 206301 506480
15 38218 207656 506480
15 38524 205194 506480
15 45813 210839 506480
15 36602 206205 506480
20 37208 202227 556480
20 36795 204510 556480
20 40714 205915 556480
20 36422 204951 556480
20 36935 200928 556480
25 37137 201299 606480
25 37517 202127 606480
25 36526 202129 606480
25 35986 200726 606480
25 36028 201808 606480
30 38993 199114 656480
30 37545 198376 656480
30 37774 199688 656480
30 37244 198230 656480
30 37120 198282 656480
35 38711 204837 706480
35 36956 202999 706480
35 36729 204511 706480
35 37208 204921 706480
35 37253 204612 706480
40 37619 199834 756480
40 37352 199684 756480
40 37187 199490 756480
40 37439 199084 756480
40 39794 201797 756480
45 38644 209856 806480
45 37366 206922 806480
45 38656 205730 806480
45 45531 205907 806480
45 36457 262263 806480
50 36343 200053 856480
50 36640 200414 856480
50 36716 200705 856480
50 36922 200641 856480
50 36391 201610 856480
55 37598 208887 906480
55 37193 208260 906480
55 37147 207687 906480
55 37265 206994 906480
55 37769 207190 906480
60 37259 200825 956480
60 36844 202385 956480
60 36689 202346 956480
60 37398 201880 956480
60 36557 200953 956480
65 37465 208401 1006480
65 37499 204002 1006480
65 36746 206497 1006480
65 37633 203454 1006480
65 37841 206975 1006480
70 38023 201871 1056480
70 38187 205935 1056480
70 37485 200777 1056480
70 38264 206429 1056480
70 38347 202213 1056480
75 37041 208453 1106480
75 37137 209148 1106480
75 36791 208059 1106480
75 37859 207017 1106480
75 36783 208816 1106480
80 36790 203583 1156480
80 37588 202552 1156480
80 37028 204857 1156480
80 37636 200016 1156480
80 37273 206212 1156480
85 38104 212491 1206480
85 38384 208123 1206480
85 38170 205060 1206480
85 37852 210956 1206480
85 38135 207946 1206480
90 37278 206766 1256480
90 37442 210309 1256480
90 37303 202541 1256480
90 37390 201610 1256480
90 37579 206316 1256480
95 38749 213889 1306480
95 37969 212356 1306480
95 39649 214084 1306480
95 37936 209350 1306480
95 39772 211622 1306480
100 38270 209224 1356480
100 38594 204073 1356480
100 38728 210848 1356480
100 39877 204997 1356480
100 39098 209143 1356480
105 36297 220586 1406480
105 35751 221029 1406480
105 36711 210488 1406480
105 37579 219399 1406480
105 37048 215999 1406480
110 38114 205744 1456480
110 37690 211229 1456480
110 37198 210021 1456480
110 38063 213205 1456480
110 37346 262140 1456480
115 37698 221545 1506480
115 39032 224199 1506480
115 37228 229460 1506480
115 43666 222247 1506480
115 37553 225325 1506480
120 35783 238340 1556480
120 38308 225153 1556480
120 36737 236646 1556480
120 37690 220373 1556480
120 35410 264700 1556480
125 37566 233039 1606480
125 36424 241204 1606480
125 37882 243668 1606480
125 36937 240240 1606480
125 40548 231533 1606480
130 41802 223450 1656480
130 43941 229438 1656480
130 42401 222160 1656480
130 44634 230861 1656480
130 80937 224000 1656480
135 39903 243940 1706480
135 38131 248051 1706480
135 38910 241550 1706480
135 38625 243866 1706480
135 38302 240136 1706480
140 39246 229950 1756480
140 37192 235244 1756480
140 37753 226059 1756480
140 38204 229709 1756480
140 38372 228048 1756480
145 38520 236348 1806480
145 37259 244158 1806480
145 37300 243230 1806480
145 37146 245922 1806480
145 42247 273853 1806480
150 37475 241894 1856480
150 38278 225517 1856480
150 37752 288306 1856480
150 40166 239445 1856480
150 37087 247180 1856480
155 37950 243008 1906480
155 64819 235613 1906480
155 38867 296002 1906480
155 42323 256548 1906480
155 36465 246306 1906480
160 37406 227202 1956480
160 39676 242126 1956480
160 39088 222890 1956480
160 42862 220846 1956480
160 38685 283059 1956480
165 40045 233095 2006480
165 39120 231633 2006480
165 39078 239062 2006480
165 38911 235932 2006480
165 39439 230645 2006480
170 37957 228225 2056480
170 37338 224061 2056480
170 37405 232096 2056480
170 38770 224951 2056480
170 38292 228095 2056480
175 38464 232732 2106481
175 38943 231804 2106481
175 38254 230440 2106481
175 38526 233450 2106481
175 39374 230159 2106481
180 39545 226238 2156481
180 39358 235194 2156481
180 39676 226891 2156481
180 56955 236006 2156481
180 39661 227866 2156481
185 76474 236745 2206481
185 38512 231007 2206481
185 38288 232514 2206481
185 38447 233891 2206481
185 38768 239264 2206481
190 38903 234090 2256481
190 39296 230612 2256481
190 40432 231088 2256481
190 38747 232865 2256481
190 39375 232681 2256481
195 40153 229775 2306481
195 39018 238236 2306481
195 39468 235207 2306481
195 39220 232868 2306481
195 40174 241473 2306481
200 39001 230293 2356481
200 38266 227781 2356481
200 38683 233196 2356481
200 38318 229348 2356481
200 38200 230675 2356481
205 38919 284719 2406481
205 40018 238804 2406481
205 39101 238353 2406481
205 40219 239203 2406481
205 40322 239673 2406481
210 39456 233139 2456481
210 39781 232211 2456481
210 39737 234143 2456481
210 39884 235496 2456481
210 39657 239400 2456481
215 39990 243459 2506481
215 40127 239442 2506481
215 39888 241294 2506481
215 39480 242658 2506481
215 40551 242044 2506481
220 40422 233889 2556481
220 40817 285937 2556481
220 41228 242709 2556481
220 40920 237171 2556481
220 39865 238540 2556481
225 40614 244602 2606481
225 40653 247418 2606481
225 40528 244663 2606481
225 39946 242389 2606481
225 41365 238813 2606481
230 40905 239836 2656481
230 41147 242602 2656481
230 41389 242734 2656481
230 41277 241031 2656481
230 41755 239402 2656481
235 46072 241752 2706481
235 38679 243681 2706481
235 37772 248299 2706481
235 39293 239580 2706481
235 39204 238024 2706481
240 39324 235384 2756481
240 38934 234908 2756481
240 39414 235133 2756481
240 39037 286503 2756481
240 39596 239396 2756481
245 39622 247602 2806481
245 39438 247468 2806481
245 40309 241874 2806481
245 39890 249375 2806481
245 39144 250875 2806481
250 39334 240131 2856481
250 38892 241057 2856481
250 40598 242751 2856481
250 39565 245354 2856481
250 39634 246474 2856481
255 39542 250365 2906481
255 39688 251308 2906481
255 40039 248874 2906481
255 40739 248549 2906481
255 40607 249181 2906481
260 40890 239542 2956481
260 40257 241638 2956481
260 41290 245633 2956481
260 40763 244380 2956481
260 40128 248219 2956481
265 39188 251043 3006481
265 40281 255224 3006481
265 39089 431688 3006481
265 41105 264784 3006481
265 40588 261955 3006481
270 38866 255467 3056481
270 38820 265382 3056481
270 40642 265601 3056481
270 46403 268948 3056481
270 38954 257450 3056481
275 41214 262883 3106481
275 40722 259750 3106481
275 41251 257937 3106481
275 41966 258528 3106481
275 41511 262120 3106481
280 44143 259952 3156481
280 40047 250879 3156481
280 40442 257335 3156481
280 39880 283638 3156481
280 42027 247659 3156481
285 41737 256610 3206481
285 40804 254664 3206481
285 39996 250764 3206481
285 40222 256931 3206481
285 40095 299532 3206481
290 41916 252706 3256481
290 41526 252539 3256481
290 41246 249026 3256481
290 41001 251324 3256481
290 40929 250929 3256481
295 41885 251774 3306481
295 41807 258717 3306481
295 41589 253179 3306481
295 41914 255639 3306481
295 41528 258903 3306481
300 40727 252521 3356481
300 40192 253843 3356481
300 43713 250133 3356481
300 39752 255354 3356481
300 41211 246987 3356481
