50 57336 197505 856480
50 35543 198443 856480
50 36667 199604 856480
50 36742 198162 856480
50 36991 208331 856480
100 40449 208070 1356480
100 38230 208811 1356480
100 38730 216798 1356480
100 36744 204471 1356480
100 38374 215701 1356480
150 38715 220391 1856480
150 39558 222712 1856480
150 38505 234587 1856480
150 38223 234681 1856480
150 38566 215882 1856480
200 38670 234324 2356481
200 39455 234356 2356481
200 40312 234124 2356481
200 39395 229511 2356481
200 38332 239334 2356481
250 37275 245572 2856481
250 39546 244549 2856481
250 39533 249952 2856481
250 38434 251632 2856481
250 69756 247537 2856481
300 40043 252885 3356481
300 39634 251158 3356481
300 35419 283569 3356481
300 40742 279624 3356481
300 38601 248484 3356481
350 41980 265537 3856481
350 40276 262238 3856481
350 42392 293594 3856481
350 43162 268423 3856481
350 42180 260824 3856481
400 41597 277424 4356481
400 42860 279630 4356481
400 43200 279813 4356481
400 41870 272632 4356481
400 42595 276135 4356481
450 42959 290445 4856481
450 42621 287323 4856481
450 43509 288213 4856481
450 42726 283989 4856481
450 44087 287683 4856481
500 42851 291798 5356481
500 43765 290315 5356481
500 42602 292357 5356481
500 42863 295251 5356481
500 45396 291503 5356481
550 44443 293698 5856481
550 44795 295773 5856481
550 44033 298784 5856481
550 44349 296363 5856481
550 44397 298108 5856481
600 45252 295734 6356481
600 43189 297315 6356481
600 44301 294373 6356481
600 44939 294514 6356481
600 44404 295172 6356481
650 43937 297700 6856481
650 44052 296398 6856481
650 44723 296497 6856481
650 44725 299448 6856481
650 44373 389762 6856481
700 53835 314602 7356481
700 47176 311159 7356481
700 47326 309510 7356481
700 46317 308233 7356481
700 46081 309792 7356481
750 45848 304746 7856481
750 45232 305046 7856481
750 45634 306095 7856481
750 45541 302872 7856481
750 45049 304905 7856481
800 47845 305542 8356481
800 46677 306762 8356481
800 46765 304452 8356481
800 47641 304652 8356481
800 46364 304382 8356481
850 49780 315471 8856481
850 49379 311634 8856481
850 49977 312169 8856481
850 49166 313665 8856481
850 50133 312936 8856481
900 50627 319451 9356481
900 50236 318252 9356481
900 50244 317133 9356481
900 51331 319135 9356481
900 51648 318807 9356481
950 50183 323345 9856481
950 50316 322325 9856481
950 50994 321114 9856481
950 49683 323950 9856481
950 50889 366471 9856481
1000 48319 324502 10356481
1000 47960 327812 10356481
1000 48356 322523 10356481
1000 47346 323713 10356481
1000 47215 322745 10356481
1050 51082 329583 10856481
1050 49619 334166 10856481
1050 50779 330660 10856481
1050 49254 353210 10856481
1050 49343 329949 10856481
1100 50650 334091 11356481
1100 50754 333847 11356481
1100 50271 334469 11356481
1100 50556 333145 11356481
1100 52761 334898 11356481
1150 51293 336630 11856481
1150 53319 338374 11856481
1150 51677 337176 11856481
1150 51184 339169 11856481
1150 51235 338124 11856481
1200 51659 338293 12356481
1200 52027 338417 12356481
1200 51373 338022 12356481
1200 52034 337136 12356481
1200 52230 337199 12356481
1250 53190 344957 12856481
1250 54051 345652 12856481
1250 52131 347845 12856481
1250 52326 345021 12856481
1250 53124 346495 12856481
1300 53170 349612 13356481
1300 52353 348896 13356481
1300 52864 349244 13356481
1300 53251 349760 13356481
1300 53366 348542 13356481
1350 54580 351309 13856481
1350 54013 353501 13856481
1350 53683 352742 13856481
1350 53795 355765 13856481
1350 53709 352792 13856481
1400 53540 354737 14356481
1400 53214 354646 14356481
1400 53842 353716 14356481
1400 53985 354432 14356481
1400 53312 356024 14356481
1450 52952 361897 14856481
1450 54128 360051 14856481
1450 54448 359367 14856481
1450 54735 362614 14856481
1450 52873 358622 14856481
1500 56623 361682 15356481
1500 55814 362085 15356481
1500 56136 359763 15356481
1500 55813 360608 15356481
1500 55908 360903 15356481
1550 55786 366008 15856481
1550 55763 368384 15856481
1550 55143 371624 15856481
1550 55464 364600 15856481
1550 55478 365747 15856481
1600 55553 363301 16356481
1600 56450 362705 16356481
1600 57336 363425 16356481
1600 56021 362445 16356481
1600 55804 364240 16356481
1650 57921 374464 16856481
1650 58496 374434 16856481
1650 57664 370284 16856481
1650 57431 369018 16856481
1650 57855 371045 16856481
1700 59685 375074 17356481
1700 60964 379313 17356481
1700 60671 374857 17356481
1700 59943 374989 17356481
1700 59366 373161 17356481
1750 60719 377051 17856481
1750 60262 375811 17856481
1750 61547 376225 17856481
1750 60772 377107 17856481
1750 79258 379290 17856481
1800 60224 376384 18356481
1800 60057 378027 18356481
1800 60113 380691 18356481
1800 60498 380960 18356481
1800 59374 376680 18356481
1850 60948 380997 18856481
1850 61603 380975 18856481
1850 60141 379670 18856481
1850 60330 382236 18856481
1850 61428 382267 18856481
1900 104237 383119 19356481
1900 61941 383167 19356481
1900 60980 384447 19356481
1900 61755 381745 19356481
1900 62093 382909 19356481
1950 63680 387114 19856481
1950 62870 385085 19856481
1950 62769 385551 19856481
1950 62479 385094 19856481
1950 62513 385334 19856481
2000 61536 383563 20356481
2000 63425 384771 20356481
2000 63551 384048 20356481
2000 63088 385021 20356481
2000 63593 385020 20356481
2050 62367 392846 20856481
2050 59961 391809 20856481
2050 61333 392452 20856481
2050 61340 392742 20856481
2050 61246 391867 20856481
2100 63206 393343 21356481
2100 61974 439497 21356481
2100 61792 395308 21356481
2100 62399 393367 21356481
2100 63291 392749 21356481
2150 63518 399043 21856481
2150 64706 396854 21856481
2150 63314 395688 21856481
2150 63069 460675 21856481
2150 66511 414396 21856481
2200 60634 450005 22356481
2200 60838 445640 22356481
2200 64163 405525 22356481
2200 62400 423193 22356481
2200 62381 404391 22356481
2250 64183 414777 22856481
2250 62662 399076 22856481
2250 62627 467071 22856481
2250 63862 410691 22856481
2250 63127 404652 22856481
2300 94873 410986 23356481
2300 63604 400050 23356481
2300 62934 407148 23356481
2300 63619 398149 23356481
2300 66663 398461 23356481
2350 74461 403102 23856481
2350 68416 486755 23856481
2350 64591 463187 23856481
2350 65323 407323 23856481
2350 64888 407038 23856481
2400 65238 406303 24356481
2400 66584 403501 24356481
2400 67149 404320 24356481
2400 66367 408357 24356481
2400 66607 404771 24356481
2450 66005 410585 24856481
2450 65369 411912 24856481
2450 66230 417841 24856481
2450 65906 413897 24856481
2450 65466 412399 24856481
2500 69227 414187 25356481
2500 70413 415231 25356481
2500 69974 413442 25356481
2500 68903 414997 25356481
2500 68351 415493 25356481
2550 67868 416614 25856481
2550 67688 413322 25856481
2550 68013 415123 25856481
2550 68662 459462 25856481
2550 68831 419861 25856481
2600 68313 415691 26356481
2600 68981 418367 26356481
2600 73662 418833 26356481
2600 68043 417629 26356481
2600 68634 416248 26356481
2650 70081 420258 26856481
2650 70520 421910 26856481
2650 70160 420906 26856481
2650 69519 419006 26856481
2650 70149 419534 26856481
2700 69880 422848 27356481
2700 70266 422400 27356481
2700 69816 420826 27356481
2700 71425 420836 27356481
2700 71870 423445 27356481
2750 71765 428171 27856481
2750 70809 425574 27856481
2750 71973 424178 27856481
2750 70515 426661 27856481
2750 72093 426561 27856481
2800 70597 421424 28356481
2800 79723 429918 28356481
2800 71313 421853 28356481
2800 80969 455817 28356481
2800 72149 443714 28356481
2850 77269 451058 28856481
2850 75815 464380 28856481
2850 71963 454116 28856481
2850 73158 454367 28856481
2850 72631 513017 28856481
2900 75428 453035 29356481
2900 74310 455163 29356481
2900 74523 463346 29356481
2900 78502 458380 29356481
2900 73354 456079 29356481
2950 76268 453009 29856481
2950 79277 450403 29856481
2950 77237 441964 29856481
2950 74342 456434 29856481
2950 74431 496131 29856481
3000 75582 460744 30356481
3000 75751 459732 30356481
3000 73462 462196 30356481
3000 75497 456371 30356481
3000 74653 455029 30356481
3050 71930 462736 30856481
3050 74266 456975 30856481
3050 73542 457690 30856481
3050 74689 461176 30856481
3050 71820 468585 30856481
3100 75726 460059 31356481
3100 77571 463870 31356481
3100 76884 465161 31356481
3100 74887 465296 31356481
3100 76454 462826 31356481
3150 78156 471955 31856481
3150 75196 472142 31856481
3150 82612 457675 31856481
3150 77247 468568 31856481
3150 76559 473161 31856481
3200 77821 465735 32356481
3200 76097 465458 32356481
3200 76866 465556 32356481
3200 76317 482316 32356481
3200 77000 478419 32356481
3250 76723 464852 32856481
3250 74897 471076 32856481
3250 76500 464680 32856481
3250 78395 465552 32856481
3250 77376 462387 32856481
3300 78316 464559 33356481
3300 77600 510630 33356481
3300 78108 459855 33356481
3300 74741 462048 33356481
3300 76387 465294 33356481
3350 77780 473721 33856481
3350 81378 468648 33856481
3350 79986 475742 33856481
3350 79304 466640 33856481
3350 78510 466663 33856481
3400 80415 471855 34356481
3400 78942 469538 34356481
3400 79483 516785 34356481
3400 78055 470685 34356481
3400 79403 468496 34356481
3450 80242 475108 34856481
3450 78104 479349 34856481
3450 80549 507192 34856481
3450 80347 476222 34856481
3450 83387 478375 34856481
3500 81335 484590 35356481
3500 83873 481350 35356481
3500 81222 477612 35356481
3500 79954 467756 35356481
3500 84992 463233 35356481
3550 81498 469490 35856481
3550 82283 466701 35856481
3550 83437 467989 35856481
3550 81454 466629 35856481
3550 80300 473592 35856481
3600 80624 470942 36356481
3600 80100 467136 36356481
3600 79042 467016 36356481
3600 82595 475276 36356481
3600 80053 483931 36356481
3650 81941 488261 36856481
3650 81810 493180 36856481
3650 81338 491267 36856481
3650 79683 496539 36856481
3650 83635 490560 36856481
3700 83325 498583 37356481
3700 82008 494095 37356481
3700 82201 500015 37356481
3700 82089 492475 37356481
3700 82197 497007 37356481
3750 82035 503287 37856481
3750 85397 502009 37856481
3750 83309 502618 37856481
3750 83073 504698 37856481
3750 82067 506626 37856481
3800 84768 494061 38356481
3800 84142 507191 38356481
3800 83807 562766 38356481
3800 80305 507176 38356481
3800 87472 507579 38356481
3850 83408 515589 38856481
3850 86790 515148 38856481
3850 83998 521743 38856481
3850 85286 516426 38856481
3850 84385 523185 38856481
3900 87747 517318 39356481
3900 132239 519545 39356481
3900 85721 524972 39356481
3900 85980 492732 39356481
3900 85888 668903 39356481
3950 84630 523954 39856481
3950 86948 525883 39856481
3950 86811 511378 39856481
3950 86555 575640 39856481
3950 100548 564484 39856481
4000 90581 516305 40356481
4000 88762 523069 40356481
4000 87569 517230 40356481
4000 84628 521136 40356481
4000 85494 518278 40356481
4050 87038 534826 40856481
4050 90084 531763 40856481
4050 94034 526640 40856481
4050 87603 528012 40856481
4050 90066 536497 40856481
4100 87921 585301 41356481
4100 88401 529868 41356481
4100 86587 527743 41356481
4100 85159 529993 41356481
4100 87320 530095 41356481
4150 86079 528799 41856481
4150 84833 530885 41856481
4150 86615 541278 41856481
4150 85034 513411 41856481
4150 86269 532091 41856481
4200 84854 527776 42356481
4200 85289 533440 42356481
4200 85448 523166 42356481
4200 87053 521597 42356481
4200 87273 547421 42356481
4250 88416 539052 42856481
4250 92508 546739 42856481
4250 87625 539936 42856481
4250 88065 534874 42856481
4250 89485 542191 42856481
4300 91318 539900 43356481
4300 89061 538355 43356481
4300 88898 545244 43356481
4300 88550 536409 43356481
4300 89019 538220 43356481
4350 88997 547579 43856481
4350 90314 539715 43856481
4350 89065 553380 43856481
4350 89253 542343 43856481
4350 87569 535513 43856481
4400 100306 530749 44356481
4400 88752 534067 44356481
4400 86599 534118 44356481
4400 89169 581447 44356481
4400 86277 520950 44356481
4450 88902 894116 44856481
4450 105642 575357 44856481
4450 91383 1049470 44856481
4450 100513 612540 44856481
4450 91642 577991 44856481
4500 88107 510234 45356481
4500 105873 1565113 45356481
4500 813790 708835 45356481
4500 152923 4076158 45356481
4500 100176 518297 45356481
4550 94687 573317 45856481
4550 90772 505655 45856481
4550 91343 507240 45856481
4550 89662 502331 45856481
4550 90589 500278 45856481
4600 121926 502303 46356481
4600 87236 513340 46356481
4600 87765 508410 46356481
4600 89937 498895 46356481
4600 90054 503192 46356481
4650 90596 515082 46856481
4650 89612 518892 46856481
4650 116863 562573 46856481
4650 86711 651331 46856481
4650 87763 694640 46856481
4700 110950 553077 47356481
4700 91218 547879 47356481
4700 94302 609187 47356481
4700 90850 535079 47356481
4700 89722 529222 47356481
4750 90039 527412 47856481
4750 89485 526055 47856481
4750 88695 539099 47856481
4750 85307 529592 47856481
4750 91519 554569 47856481
4800 91832 574952 48356481
4800 94088 632292 48356481
4800 93895 545391 48356481
4800 92011 547002 48356481
4800 91896 541373 48356481
4850 90011 532150 48856481
4850 88478 531800 48856481
4850 89481 532359 48856481
4850 88967 530459 48856481
4850 90172 532338 48856481
4900 91489 533417 49356481
4900 92638 532725 49356481
4900 93564 531476 49356481
4900 92445 531753 49356481
4900 90711 534376 49356481
4950 94907 534861 49856481
4950 91574 537896 49856481
4950 102079 535351 49856481
4950 92225 539502 49856481
4950 90605 552007 49856481
5000 93053 549349 50356481
5000 91223 605607 50356481
5000 95789 583052 50356481
5000 90685 539243 50356481
5000 90057 549082 50356481
